1, 360, 180, 360, 180, 360, 180, 120, 60, 180, 180, 180, 60, 180, 180, 180, 60, 180, 180, 180, 60, 90, 90, 90, 30,
  180, 180, 180, 60, 180, 180, 180, 60, 90, 90, 90, 30, 72, 36, 72, 36, 72, 36, 24, 12, 36, 36, 36, 12, 36, 36, 36,
  12, 36, 36, 36, 12, 18, 18, 18, 6, 36, 36, 36, 12, 36, 36, 36, 12, 18, 18, 18, 6, 180, 60, 180, 60, 180, 60, 180,
  60, 90, 30, 180, 60, 180, 60, 90, 30, 36, 12, 36, 12, 36, 12, 36, 12, 18, 6, 36, 12, 36, 12, 18, 6, 180, 60, 180,
  60, 180, 60, 180, 60, 90, 30, 180, 60, 180, 60, 90, 30, 36, 12, 36, 12, 36, 12, 36, 12, 18, 6, 36, 12, 36, 12, 18,
  6, 60, 60, 60, 60, 30, 60, 60, 30, 12, 12, 12, 12, 6, 12, 12, 6, 45, 90, 90, 30, 18, 18, 18, 6, 45, 30, 18, 6, 45,
  30, 18, 6, 15, 6, 40, 20, 60, 60, 60, 20, 60, 60, 60, 8, 4, 12, 12, 12, 4, 12, 12, 12, 20, 60, 60, 60, 20, 60, 60,
  60, 4, 12, 12, 12, 4, 12, 12, 12, 20, 60, 60, 60, 20, 60, 60, 60, 4, 12, 12, 12, 4, 12, 12, 12, 20, 60, 60, 60, 20,
  60, 60, 60, 4, 12, 12, 12, 4, 12, 12, 12, 60, 12, 60, 12, 60, 12, 60, 12, 36, 36, 36, 12, 36, 36, 36, 12, 36, 36,
  36, 12, 36, 36, 36, 12, 18, 18, 18, 6, 36, 36, 36, 12, 36, 36, 36, 12, 18, 18, 18, 6, 36, 12, 36, 12, 36, 12, 36,
  12, 18, 6, 36, 12, 36, 12, 18, 6, 36, 12, 36, 12, 36, 12, 36, 12, 18, 6, 36, 12, 36, 12, 18, 6, 12, 12, 12, 12, 6,
  12, 12, 6, 9, 18, 18, 6, 9, 6, 9, 6, 3, 4, 12, 12, 12, 4, 12, 12, 12, 4, 12, 12, 12, 4, 12, 12, 12, 4, 12, 12, 12,
  4, 12, 12, 12, 4, 12, 12, 12, 4, 12, 12, 12, 12, 12, 12, 12, 180, 60, 180, 60, 180, 60, 90, 30, 36, 12, 36, 12, 36,
  12, 18, 6, 180, 60, 180, 60, 180, 60, 90, 30, 36, 12, 36, 12, 36, 12, 18, 6, 60, 60, 60, 30, 12, 12, 12, 6, 60, 60,
  60, 30, 12, 12, 12, 6, 90, 30, 18, 6, 90, 30, 18, 6, 30, 6, 30, 6, 20, 60, 20, 60, 4, 12, 4, 12, 20, 60, 20, 60, 4,
  12, 4, 12, 20, 60, 20, 60, 4, 12, 4, 12, 20, 60, 20, 60, 4, 12, 4, 12, 60, 12, 60, 12, 60, 12, 60, 12, 36, 12, 36,
  12, 36, 12, 18, 6, 36, 12, 36, 12, 36, 12, 18, 6, 12, 12, 12, 6, 12, 12, 12, 6, 18, 6, 18, 6, 6, 6, 4, 12, 4, 12,
  4, 12, 4, 12, 4, 12, 4, 12, 4, 12, 4, 12, 12, 12, 12, 12, 180, 60, 180, 60, 180, 60, 90, 30, 36, 12, 36, 12, 36,
  12, 18, 6, 60, 60, 60, 30, 12, 12, 12, 6, 180, 60, 180, 60, 180, 60, 90, 30, 36, 12, 36, 12, 36, 12, 18, 6, 60, 60,
  60, 30, 12, 12, 12, 6, 90, 30, 18, 6, 30, 6, 90, 30, 18, 6, 30, 6, 20, 60, 20, 60, 4, 12, 4, 12, 20, 60, 20, 60, 4,
  12, 4, 12, 20, 60, 20, 60, 4, 12, 4, 12, 20, 60, 20, 60, 4, 12, 4, 12, 60, 12, 60, 12, 60, 12, 60, 12, 36, 12, 36,
  12, 36, 12, 18, 6, 12, 12, 12, 6, 36, 12, 36, 12, 36, 12, 18, 6, 12, 12, 12, 6, 18, 6, 6, 18, 6, 6, 4, 12, 4, 12,
  4, 12, 4, 12, 4, 12, 4, 12, 4, 12, 4, 12, 12, 12, 12, 12, 60, 30, 12, 6, 60, 30, 12, 6, 60, 30, 12, 6, 60, 30, 12,
  6, 30, 6, 30, 6, 30, 6, 30, 6, 20, 20, 4, 4, 20, 20, 4, 4, 20, 20, 4, 4, 20, 20, 4, 4, 20, 4, 20, 4, 20, 4, 20, 4,
  12, 6, 12, 6, 12, 6, 12, 6, 6, 6, 6, 6, 4, 4, 4, 4, 4, 4, 4, 4, 4, 4, 4, 4, 20, 60, 60, 60, 10, 60, 60, 30, 4, 12,
  12, 12, 2, 12, 12, 6, 30, 6, 4, 12, 12, 12, 2, 12, 12, 6, 6, 20, 60, 20, 30, 4, 12, 4, 6, 30, 6, 4, 12, 4, 6, 6,
  20, 60, 20, 30, 4, 12, 4, 6, 30, 6, 4, 12, 4, 6, 6, 20, 10, 4, 2, 10, 2, 4, 2, 2, 45, 30, 18, 6, 15, 6, 60, 12, 60,
  12, 9, 6, 3, 12, 12, 30, 6, 30, 6, 20, 4, 20, 4, 6, 6, 4, 4, 30, 6, 6, 10, 2, 2, 45, 30, 18, 6, 15, 6, 60, 12, 60,
  12, 9, 6, 3, 12, 12, 30, 6, 30, 6, 20, 4, 20, 4, 6, 6, 4, 4, 30, 6, 6, 10, 2, 2, 15, 6, 20, 4, 3, 4, 10, 2, 2, 10,
  60, 60, 30, 2, 12, 12, 6, 15, 6, 2, 12, 12, 6, 3, 20, 30, 4, 6, 30, 6, 4, 6, 6, 20, 30, 4, 6, 30, 6, 4, 6, 6, 10,
  2, 10, 2, 2, 2, 15, 6, 3, 10, 2, 2, 15, 6, 3, 10, 2, 2, 5, 2, 1, 36, 12, 36, 12, 36, 12, 18, 6, 12, 12, 12, 6, 18,
  6, 6, 4, 12, 4, 12, 4, 12, 4, 12, 12, 12, 12, 6, 12, 6, 6, 6, 4, 4, 4, 4, 4, 4, 4, 12, 4, 6, 6, 4, 2, 2, 9, 6,
  3, 12, 12, 6, 6, 4, 4, 6, 2, 6, 4, 2, 3, 4, 2, 4, 6, 6, 2, 2, 3, 2, 2, 1, 36, 12, 36, 12, 36, 12, 18, 6, 12, 12,
  12, 6, 18, 6, 6, 4, 12, 4, 12, 4, 12, 4, 12, 12, 12, 12, 6, 12, 6, 6, 6, 4, 4, 4, 4, 4, 4, 4, 12, 4, 6, 6, 4, 2,
  2, 6, 4, 2, 9, 6, 3, 12, 12, 6, 6, 4, 4, 6, 2, 3, 4, 2, 4, 6, 6, 2, 2, 2, 3, 2, 1, 12, 6, 6, 4, 4, 4, 4, 2,
  2, 6, 4, 2, 6, 4, 2, 3, 4, 2, 2, 2, 2, 2, 1, 1
